0011101101101111
0101101101101111
0110101101101111
0111100101101111
0111101100101111
0111101101100111
0111101101100111
0111101101101110
0111101101101011
0111101101001111
0111101001101111
1010010010010010
1010110010010010
1010010010010111
1010110010010011
1010110010010110
1010110010010111
1010110000010111
1010110010010101
1010100010010111
1010110010000111
2111001111100111
2101001111100111
2110001111100111
2111001111100011
2111001111100110
2011001111100111
2011001111100011
2110001111100110
2111001110100111
3111001111001111
3101001111001111
3110001111001111
3111001111001110
3111001111001011
3011001111001111
3111001101001111
3101001111001111
3011001111001110
3110001111001011
4101101111001001
4101101011001001
4101101110001001
4001101111001001
4101101111000001
4101001111001001
4101100111001001
4101100101001001
4101001111000001
5111100111001111
5011100111001111
5111100111001110
5110100111001111
5111100111001011
5110100111001110
5011100111001011
5011100111001110
5111100111001010
5111100011001111
6111100111101111
6111100011101111
6111100110101111
6111100111101110
6111100111101011
6011100111101111
6110100111101111
6111100111101010
6111100110101011
6011100111101110
7111001001001001
7111001011001001
7101001001001001
7110001001001001
7111000011001001
7111001000001001
7111001001000001
7101001011000001
7101000001001001
7110001011000001
8111101111101111
8011101111101111
8110101111101111
8111101111101010
8111101110101111
8011101111101011
8111101010101111
8010101111101010
8011101110101110
8110101011101111
9111101111001111
9111101111001011
9111101011001111
9011101111001111
9110101110001111
9111101111001110
9110101011001111
9011101111001111
9011101111001011
9010101111001110
9111101010001111