0111101101101111
0011101101101111
0110101101101111
0111101101101011
0111101101101110
0010101101101111
0011101101101011
0011101101101110
0110101101101011
0010101101101011
1010110010010111
1010010010010111
1010110010010011
1010110010010110
1010110010010010
1010010010010011
1000010010010111
1010010010010010
1000010010010010
1000110010010010
2111001111100111
2011001111100111
2110001111100111
2111001110100111
2111001011100111
2111001111100011
2111001111100110
2010001111100111
2110001110100111
2110001010100111
3111001111001111
3011001111001111
3111001011001111
3111001111001011
3110001111001111
3111001111001110
3110001111001110
3110001011001110
3011001011001011
3011001111001011
4101101111001001
4001101111001001
4101101011001001
4100101111001001
4101101111001000
4100101011001001
4000101011001001
4000101111001001
4000101011001001
4100101111001000
5111100111001111
5110100111001111
5011100111001111
5111100110001111
5111100111001110
5111100111001011
5010100111001111
5011100011001111
5111100011001110
5111100011001011
6111100111101111
6011100111101111
6110100111101111
6111100110101111
6111100111101110
6111100111101011
6111100110101110
6110100111101011
6010100111101111
6010100110101111
7111001011001001
7011001011001001
7111001001001001
7111001001001000
7011001001001000
7110001001001001
7110001011001001
7110001001001000
7111001011001000
7011001011001000
8111101111101111
8011101111101111
8110101111101111
8111101111101011
8111101111101110
8010101111101111
8110101111101110
8111101010101111
8110101111101010
8010101111101010
9111101111001111
9011101111001111
9110101111001111
9111101011001111
9111101111001011
9010101111001111
9110101111001110
9011101011001111
9011101011001011
9010101011001011
