0 111101101101111
0 111101101101011
0 011101101101111
0 110101101101111
0 111101001101111
0 111101001101111
0 110101101101110
0 111101101101110
0 010101101101110
0 110101101101011
0 001101101101010
1 010010010010010
1 010110010010010
1 010110010010111
1 010010010010000
1 110010010010000
1 010010010010111
1 010010010010011
1 010110010010110
1 010110010010011
1 000010010010111
2 111001111100111
2 101001111100111
2 010001111100111
2 111001011100111
2 111001011100011
2 111001010100011
2 111001111100110
2 110001011100111
2 011001111100111
2 001001111100111
3 111001111001111
3 111001111001011
3 111001011001111
3 011001111001111
3 110001111001111
3 111001111001110
3 110001110001110
3 110001011001110
3 011001011001011
3 011001111001011
4 101101111001001
4 001101111001001
4 000101111001001
4 100101111001001
4 101101111001000
4 100101011001001
4 101101011001001
4 100101011001000
4 000101011001000
4 101101010001001
4 001101011001001
5 111100111001111
5 110100111001111
5 101100111001111
5 111100110001111
5 111100010001111
5 111100111001101
5 010100111001111
5 011100011001111
5 111100011001011
5 111100011001110
6 111100111101111
6 011100111101111
6 110100111101111
6 111100111101110
6 111100111101011
6 111100110101110
6 111100111101010
6 010100111101111
6 010100110101111
6 111100111101101
7 111001001001001
7 111001011001001
7 111001001001000
7 011001001001000
7 110001001001001
7 110001001001000
7 110001011001001
7 011001011001001
7 011001001001001
7 011001011001000
8 111101111101111
8 011101111101111
8 110101111101111
8 101101111101111
8 111101111101110
8 110101111101110
8 111101010101111
8 011101010101010
8 010101010101010
8 111101010101010
9 111101111001111
9 011101111001111
9 110101111001111
9 111101011001111
9 111101110001111
9 110101110001111
9 011101011001111
9 011101011001011
9 011101010001111
9 010101011001110
